=================================
# quCR Correlation Measurement 
=================================
#       Y    X=0    45   90  135 deg
          0     974    496      4    425
          2     955    507      4    416
          5    1004    475      4    385
          7     945    453      4    402
         10     986    474      1    388
         12     991    466      7    391
         15     863    455      8    367
         17     898    476      6    372
         20     848    422      4    307
         22     793    445      6    361
         25     765    398      4    309
         27     706    409      1    291
         30     690    363      6    308
         32     711    338      4    254
         35     647    330      6    245
         37     626    310      2    236
         40     549    300      2    203
         42     489    275      3    190
         45     426    273      2    200
         47     407    230      4    140
         50     357    198      8    137
         52     345    189      5    143
         55     287    160      2    114
         57     260    142      3    103
         60     245    113      5     85
         62     185     91      4     65
         65     170     82      6     43
         67     114     63      6     44
         70     111     55      5     47
         72      84     50      5     33
         75      63     36      3     24
         77      32     24      1     20
         80      30     11      2      8
         82      12      8      2      7
         85      12      9      5      4
         87       5      4      5      6
         90       8      4      5      6
         92       8      4      5      8
         95      18      7      2     10
         97      26     13      0     15
        100      48     18      3     26
        102      69     30      2     31
        105      85     30      4     43
        107      92     40      2     47
        110     111     64      1     59
        112     120     57      1     69
        115     185     90      2     83
        117     185     89      1    112
        120     249    105      3    102
        122     305    120      3    123
        125     308    136      5    125
        127     344    162      2    170
        130     387    188      4    204
        132     450    191      7    175
        135     464    218      2    186
        137     536    209      5    215
        140     500    246      2    227
        142     633    274      4    266
        145     647    264      1    273
        147     665    289      4    286
        150     721    318      1    322
        152     688    353      5    312
        155     730    408      5    312
        157     791    360      2    316
        160     786    384      0    331
        162     817    387      2    374
        165     816    395      1    371
        167     909    390      4    364
        170     903    422      2    377
        172     856    427      2    388
        175     885    442      3    387
        177     903    421      1    371
        180     915    440      6    396
        182     893    427      3    398
        185     917    442      3    353
        187     913    478      4    330
        190     816    442      6    380
        192     848    441      2    343
        195     903    400      6    339
        197     802    454      3    306
        200     813    372      3    310
        202     770    424      1    338
        205     717    399      3    293
        207     757    383      3    286
        210     671    366      3    299
        212     670    333      6    299
        215     629    286      4    263
        217     577    286      5    239
        220     532    263      2    227
        222     511    243      5    222
        225     476    257      2    187
        227     424    230      2    166
        230     353    205      2    137
        232     290    182      5    143
        235     306    175      1    135
        237     284    155      3    102
        240     216    124      4     75
        242     201    111      7     87
        245     181     82      3     70
        247     125     73      5     61
        250     102     59      5     47
        252     101     48      5     35
        255      62     21      4     28
        257      46     32      4     17
        260      29     18      3      5
        262      15     16      2      6
        265       7      7      2      2
        267       6      6      3      2
        270       5      4      2      4
        272      16      4      1      5
        275      18      8      3     21
        277      26     11      3      9
        280      43     17      3     29
        282      56     22      1     30
        285      80     37      5     52
        287     120     44      5     59
        290     128     61      3     59
        292     169     71      2     89
        295     202     88      7     80
        297     239    115      1    101
        300     289    121      0    133
        302     293    142      2    165
        305     359    175      1    160
        307     397    184      3    187
        310     409    215      3    235
        312     478    204      3    231
        315     486    234      1    230
        317     532    277      6    244
        320     587    301      5    261
        322     615    301      0    293
        325     674    311      1    314
        327     714    358      2    301
        330     695    370      3    321
        332     731    372      4    382
        335     813    372      3    390
        337     750    375      6    326
        340     830    419      4    353
        342     919    452      2    368
        345     822    409      3    416
        347     898    438      4    427
        350     956    390      4    371
        352     977    456      2    397
        355     901    484      2    433
        357     933    440      2    380
        360     912    417      2    431
