=================================
# quCR Correlation Measurement 
=================================
#       Y    X=0    45   90  135 deg
          0     804    356      9    263
          2     816    376     17    225
          5     805    424     26    195
          7     803    495     22    170
         10     771    458     49    149
         12     773    488     59    131
         15     720    571     73    119
         17     685    554    110     89
         20     642    589    142     66
         22     630    630    169     62
         25     620    656    205     49
         27     563    677    243     51
         30     576    669    238     44
         32     558    710    278     33
         35     482    793    316     45
         37     427    733    349     43
         40     409    740    401     42
         42     378    764    458     47
         45     353    808    460     62
         47     310    729    479     68
         50     307    787    521     92
         52     252    823    569    108
         55     250    729    619     99
         57     210    729    617    111
         60     158    744    661    140
         62     136    730    643    170
         65     110    737    716    160
         67      95    675    762    180
         70      87    708    770    208
         72      64    639    779    243
         75      54    644    760    273
         77      23    549    766    278
         80      21    553    838    308
         82      26    507    788    326
         85      22    508    790    337
         87      24    452    838    381
         90      21    454    753    394
         92      27    418    810    405
         95      25    413    820    398
         97      43    374    763    461
        100      34    315    763    445
        102      66    341    713    481
        105      77    259    697    502
        107     111    235    702    509
        110     116    226    679    539
        112     156    169    623    529
        115     156    165    654    518
        117     181    135    580    578
        120     188    104    563    546
        122     236    105    593    525
        125     276     74    459    565
        127     302     80    468    554
        130     312     63    415    498
        132     366     65    372    535
        135     380     37    327    502
        137     407     43    322    484
        140     439     33    293    546
        142     443     45    243    529
        145     475     48    218    481
        147     527     46    201    490
        150     577     53    139    431
        152     602     80    139    443
        155     626     90    105    411
        157     645    105    102    392
        160     644    116     75    380
        162     634    136     55    342
        165     703    141     35    351
        167     684    194     25    315
        170     679    193     20    299
        172     727    257     16    308
        175     710    264      7    266
        177     710    261     10    261
        180     743    305     13    235
        182     749    367     11    217
        185     702    371     27    203
        187     692    396     27    175
        190     689    428     36    135
        192     629    473     63    135
        195     608    516     82    108
        197     644    593     92    123
        200     656    567    124     75
        202     607    569    153     73
        205     571    582    163     62
        207     582    602    168     52
        210     489    667    223     39
        212     528    650    257     48
        215     468    691    291     29
        217     448    674    316     27
        220     384    742    330     50
        222     369    706    380     37
        225     350    709    420     53
        227     326    757    482     52
        230     241    673    529     72
        232     259    760    524     75
        235     217    703    551     99
        237     194    704    608    120
        240     162    731    570    119
        242     139    673    639    147
        245     106    705    711    172
        247      98    640    713    183
        250      82    671    687    179
        252      66    578    719    205
        255      52    660    776    283
        257      36    631    746    327
        260      24    564    805    297
        262      21    555    810    306
        265      19    508    820    343
        267      14    463    883    382
        270      12    425    871    379
        272      23    395    830    444
        275      29    401    812    487
        277      36    351    833    532
        280      55    338    808    531
        282      62    314    782    491
        285      76    279    772    560
        287     108    229    768    565
        290     138    247    714    559
        292     178    216    634    584
        295     192    172    640    569
        297     228    149    641    589
        300     231    123    638    632
        302     273     94    588    627
        305     255     86    548    568
        307     286     86    521    650
        310     356     59    485    590
        312     397     71    403    656
        315     377     53    385    631
        317     413     43    376    574
        320     455     37    345    586
        322     474     43    288    548
        325     499     55    273    565
        327     539     60    200    522
        330     511     44    199    551
        332     585     62    163    497
        335     584     76    139    486
        337     630    105    127    439
        340     623    109     86    430
        342     667    127     55    412
        345     655    140     47    400
        347     633    185     30    338
        350     652    205     18    300
        352     697    212     25    267
        355     706    245      8    284
        357     668    293     11    266
        360     618    296      9    227
